<!DOCTYPE html>
<html>

  <head>
    <title>Brax visualizer</title>
    <link rel="shortcut icon" type="image/x-icon" href="/favicon.ico">
  </head>

  <style>
    body {
      margin: 0;
      padding: 0;
    }

    #brax-viewer {
      height: 480px;
      margin: 0;
      padding: 0;
    }
  </style>
  <script async src="https://unpkg.com/es-module-shims@1.6.3/dist/es-module-shims.js"></script>

  <script type="importmap">
    {
      "imports": {
        "three": "https://unpkg.com/three@0.150.1/build/three.module.js",
        "three/addons/": "https://unpkg.com/three@0.150.1/examples/jsm/",
        "lilgui": "https://cdn.jsdelivr.net/npm/lil-gui@0.18.0/+esm",
        "viewer": "https://cdn.jsdelivr.net/gh/google/brax@v0.9.0/brax/visualizer/js/viewer.js"
      }
    }
  </script>

  <script type="application/javascript">
  var system = {"dt": 0.005, "gravity": [0.0, 0.0, -9.8100004196167], "link": {"transform": {"pos": [[0.0, 0.0, 0.0], [0.20000000298023224, 0.20000000298023224, 0.0], [0.20000000298023224, 0.20000000298023224, 0.0], [-0.20000000298023224, 0.20000000298023224, 0.0], [-0.20000000298023224, 0.20000000298023224, 0.0], [-0.20000000298023224, -0.20000000298023224, 0.0], [-0.20000000298023224, -0.20000000298023224, 0.0], [0.20000000298023224, -0.20000000298023224, 0.0], [0.20000000298023224, -0.20000000298023224, 0.0]], "rot": [[1.0, 0.0, 0.0, 0.0], [1.0, 0.0, 0.0, 0.0], [1.0, 0.0, 0.0, 0.0], [1.0, 0.0, 0.0, 0.0], [1.0, 0.0, 0.0, 0.0], [1.0, 0.0, 0.0, 0.0], [1.0, 0.0, 0.0, 0.0], [1.0, 0.0, 0.0, 0.0], [1.0, 0.0, 0.0, 0.0]], "name": "Transform"}, "joint": {"pos": [[0.0, 0.0, 0.0], [0.0, 0.0, 0.0], [0.0, 0.0, 0.0], [0.0, 0.0, 0.0], [0.0, 0.0, 0.0], [0.0, 0.0, 0.0], [0.0, 0.0, 0.0], [0.0, 0.0, 0.0], [0.0, 0.0, 0.0]], "rot": [[1.0, 0.0, 0.0, 0.0], [1.0, 0.0, 0.0, 0.0], [1.0, 0.0, 0.0, 0.0], [1.0, 0.0, 0.0, 0.0], [1.0, 0.0, 0.0, 0.0], [1.0, 0.0, 0.0, 0.0], [1.0, 0.0, 0.0, 0.0], [1.0, 0.0, 0.0, 0.0], [1.0, 0.0, 0.0, 0.0]], "name": "Transform"}, "inertia": {"transform": {"pos": [[0.0, 0.0, 0.0], [0.10000000149011612, 0.10000000149011612, 0.0], [0.20000000298023224, 0.20000000298023224, 0.0], [-0.10000000149011612, 0.10000000149011612, 0.0], [-0.20000000298023224, 0.20000000298023224, 0.0], [-0.10000000149011612, -0.10000000149011612, 0.0], [-0.20000000298023224, -0.20000000298023224, 0.0], [0.10000000149011612, -0.10000000149011612, 0.0], [0.20000000298023224, -0.20000000298023224, 0.0]], "rot": [[0.5, 0.5, -0.5, 0.5], [0.7071067690849304, 0.5, -0.5, 0.0], [0.6532815098762512, 0.6532815098762512, -0.27059805393218994, -0.27059805393218994], [0.7071067690849304, 0.5, 0.5, -0.0], [0.6532815098762512, 0.6532815098762512, 0.27059805393218994, 0.27059805393218994], [0.7071067690849304, -0.5, 0.5, 0.0], [0.6532815098762512, 0.6532815098762512, -0.27059805393218994, -0.27059805393218994], [0.7071067690849304, -0.5, -0.5, 0.0], [0.6532815098762512, 0.6532815098762512, 0.27059805393218994, 0.27059805393218994]], "name": "Transform"}, "i": [[[0.013585715554654598, 0.0, 0.0], [0.0, 0.011120356619358063, 0.0], [0.0, 0.0, 0.011120356619358063]], [[0.000567966082599014, 0.0, 0.0], [0.0, 0.000567966082599014, 0.0], [0.0, 0.0, 0.00011844190157717094]], [[0.0026747905649244785, 0.0, 0.0], [0.0, 0.0026747905649244785, 0.0], [0.0, 0.0, 0.00020943213894497603]], [[0.000567966082599014, 0.0, 0.0], [0.0, 0.000567966082599014, 0.0], [0.0, 0.0, 0.00011844190157717094]], [[0.0026747905649244785, 0.0, 0.0], [0.0, 0.0026747905649244785, 0.0], [0.0, 0.0, 0.00020943213894497603]], [[0.000567966082599014, 0.0, 0.0], [0.0, 0.000567966082599014, 0.0], [0.0, 0.0, 0.00011844190157717094]], [[0.0026747905649244785, 0.0, 0.0], [0.0, 0.0026747905649244785, 0.0], [0.0, 0.0, 0.00020943213894497603]], [[0.000567966082599014, 0.0, 0.0], [0.0, 0.000567966082599014, 0.0], [0.0, 0.0, 0.00011844190157717094]], [[0.0026747905649244785, 0.0, 0.0], [0.0, 0.0026747905649244785, 0.0], [0.0, 0.0, 0.00020943213894497603]]], "mass": [0.48388025164604187, 0.03915775194764137, 0.06759220361709595, 0.03915775194764137, 0.06759220361709595, 0.03915775194764137, 0.06759220361709595, 0.03915775194764137, 0.06759220361709595], "name": "Inertia"}, "invweight": [1.1014374494552612, 1.8087762594223022, 3.9844133853912354, 1.8087762594223022, 3.9844133853912354, 1.8087762594223022, 3.9844133853912354, 1.8087762594223022, 3.9844133853912354], "constraint_stiffness": [4000.0, 4000.0, 4000.0, 4000.0, 4000.0, 4000.0, 4000.0, 4000.0, 4000.0], "constraint_vel_damping": [20.0, 20.0, 20.0, 20.0, 20.0, 20.0, 20.0, 20.0, 20.0], "constraint_limit_stiffness": [1000.0, 1000.0, 1000.0, 1000.0, 1000.0, 1000.0, 1000.0, 1000.0, 1000.0], "constraint_ang_damping": [10.0, 10.0, 10.0, 10.0, 10.0, 10.0, 10.0, 10.0, 10.0], "name": "Link"}, "dof": {"motion": {"ang": [[0.0, 0.0, 0.0], [0.0, 0.0, 0.0], [0.0, 0.0, 0.0], [1.0, 0.0, 0.0], [0.0, 1.0, 0.0], [0.0, 0.0, 1.0], [0.0, 0.0, 1.0], [-0.7071067690849304, 0.7071067690849304, 0.0], [0.0, 0.0, 1.0], [0.7071067690849304, 0.7071067690849304, 0.0], [0.0, 0.0, 1.0], [-0.7071067690849304, 0.7071067690849304, 0.0], [0.0, 0.0, 1.0], [0.7071067690849304, 0.7071067690849304, 0.0]], "vel": [[1.0, 0.0, 0.0], [0.0, 1.0, 0.0], [0.0, 0.0, 1.0], [0.0, 0.0, 0.0], [0.0, 0.0, 0.0], [0.0, 0.0, 0.0], [0.0, 0.0, 0.0], [0.0, 0.0, 0.0], [0.0, 0.0, 0.0], [0.0, 0.0, 0.0], [0.0, 0.0, 0.0], [0.0, 0.0, 0.0], [0.0, 0.0, 0.0], [0.0, 0.0, 0.0]], "name": "Motion"}, "armature": [0.0, 0.0, 0.0, 0.0, 0.0, 0.0, 1.0, 1.0, 1.0, 1.0, 1.0, 1.0, 1.0, 1.0], "stiffness": [0.0, 0.0, 0.0, 0.0, 0.0, 0.0, 0.0, 0.0, 0.0, 0.0, 0.0, 0.0, 0.0, 0.0], "damping": [0.0, 0.0, 0.0, 0.0, 0.0, 0.0, 1.0, 1.0, 1.0, 1.0, 1.0, 1.0, 1.0, 1.0], "limit": [["-inf", "-inf", "-inf", "-inf", "-inf", "-inf", -0.5235987901687622, 0.5235987901687622, -0.5235987901687622, -1.2217304706573486, -0.5235987901687622, -1.2217304706573486, -0.5235987901687622, 0.5235987901687622], ["inf", "inf", "inf", "inf", "inf", "inf", 0.5235987901687622, 1.2217304706573486, 0.5235987901687622, -0.5235987901687622, 0.5235987901687622, -0.5235987901687622, 0.5235987901687622, 1.2217304706573486]], "invweight": [1.1014374494552612, 1.1014374494552612, 1.1014374494552612, 6.536040306091309, 6.536040306091309, 6.536040306091309, 0.9826359748840332, 0.9951024055480957, 0.9826359748840332, 0.9951024055480957, 0.9826359748840332, 0.9951024055480957, 0.9826359748840332, 0.9951024055480957], "name": "DoF"}, "geoms": {"world": [{"link_idx": null, "transform": {"pos": [0.0, 0.0, 0.0], "rot": [1.0, 0.0, 0.0, 0.0], "name": "Transform"}, "friction": 1.0, "elasticity": 0.0, "rgba": [0.4000000059604645, 0.33000001311302185, 0.25999999046325684, 1.0], "name": "Plane"}], "torso": [{"link_idx": 0, "transform": {"pos": [0.0, 0.0, 0.0], "rot": [1.0, 0.0, 0.0, 0.0], "name": "Transform"}, "friction": 1.0, "elasticity": 0.0, "radius": 0.25, "rgba": [0.4000000059604645, 0.33000001311302185, 0.25999999046325684, 1.0], "name": "Sphere"}, {"link_idx": 0, "transform": {"pos": [0.10000000149011612, 0.10000000149011612, 0.0], "rot": [0.7071067690849304, 0.5, -0.5, 0.0], "name": "Transform"}, "friction": 1.0, "elasticity": 0.0, "radius": 0.07999999821186066, "length": 0.2828427255153656, "rgba": [0.4000000059604645, 0.33000001311302185, 0.25999999046325684, 1.0], "name": "Capsule"}, {"link_idx": 0, "transform": {"pos": [-0.10000000149011612, 0.10000000149011612, 0.0], "rot": [0.7071067690849304, 0.5, 0.5, -0.0], "name": "Transform"}, "friction": 1.0, "elasticity": 0.0, "radius": 0.07999999821186066, "length": 0.2828427255153656, "rgba": [0.4000000059604645, 0.33000001311302185, 0.25999999046325684, 1.0], "name": "Capsule"}, {"link_idx": 0, "transform": {"pos": [-0.10000000149011612, -0.10000000149011612, 0.0], "rot": [0.7071067690849304, -0.5, 0.5, 0.0], "name": "Transform"}, "friction": 1.0, "elasticity": 0.0, "radius": 0.07999999821186066, "length": 0.2828427255153656, "rgba": [0.4000000059604645, 0.33000001311302185, 0.25999999046325684, 1.0], "name": "Capsule"}, {"link_idx": 0, "transform": {"pos": [0.10000000149011612, -0.10000000149011612, 0.0], "rot": [0.7071067690849304, -0.5, -0.5, 0.0], "name": "Transform"}, "friction": 1.0, "elasticity": 0.0, "radius": 0.07999999821186066, "length": 0.2828427255153656, "rgba": [0.4000000059604645, 0.33000001311302185, 0.25999999046325684, 1.0], "name": "Capsule"}], "aux_1": [{"link_idx": 1, "transform": {"pos": [0.10000000149011612, 0.10000000149011612, 0.0], "rot": [0.7071067690849304, 0.5, -0.5, 0.0], "name": "Transform"}, "friction": 1.0, "elasticity": 0.0, "radius": 0.07999999821186066, "length": 0.2828427255153656, "rgba": [0.4000000059604645, 0.33000001311302185, 0.25999999046325684, 1.0], "name": "Capsule"}], "link 2": [{"link_idx": 2, "transform": {"pos": [0.20000000298023224, 0.20000000298023224, 0.0], "rot": [0.7071067690849304, 0.5, -0.5, 0.0], "name": "Transform"}, "friction": 1.0, "elasticity": 0.0, "radius": 0.07999999821186066, "length": 0.5656854510307312, "rgba": [0.4000000059604645, 0.33000001311302185, 0.25999999046325684, 1.0], "name": "Capsule"}, {"link_idx": 2, "transform": {"pos": [0.4000000059604645, 0.4000000059604645, 0.0], "rot": [1.0, 0.0, 0.0, 0.0], "name": "Transform"}, "friction": 1.0, "elasticity": 0.0, "radius": 0.07999999821186066, "rgba": [0.4000000059604645, 0.33000001311302185, 0.25999999046325684, 1.0], "name": "Sphere"}], "aux_2": [{"link_idx": 3, "transform": {"pos": [-0.10000000149011612, 0.10000000149011612, 0.0], "rot": [0.7071067690849304, 0.5, 0.5, -0.0], "name": "Transform"}, "friction": 1.0, "elasticity": 0.0, "radius": 0.07999999821186066, "length": 0.2828427255153656, "rgba": [0.4000000059604645, 0.33000001311302185, 0.25999999046325684, 1.0], "name": "Capsule"}], "link 4": [{"link_idx": 4, "transform": {"pos": [-0.20000000298023224, 0.20000000298023224, 0.0], "rot": [0.7071067690849304, 0.5, 0.5, -0.0], "name": "Transform"}, "friction": 1.0, "elasticity": 0.0, "radius": 0.07999999821186066, "length": 0.5656854510307312, "rgba": [0.4000000059604645, 0.33000001311302185, 0.25999999046325684, 1.0], "name": "Capsule"}, {"link_idx": 4, "transform": {"pos": [-0.4000000059604645, 0.4000000059604645, 0.0], "rot": [1.0, 0.0, 0.0, 0.0], "name": "Transform"}, "friction": 1.0, "elasticity": 0.0, "radius": 0.07999999821186066, "rgba": [0.4000000059604645, 0.33000001311302185, 0.25999999046325684, 1.0], "name": "Sphere"}], "aux_3": [{"link_idx": 5, "transform": {"pos": [-0.10000000149011612, -0.10000000149011612, 0.0], "rot": [0.7071067690849304, -0.5, 0.5, 0.0], "name": "Transform"}, "friction": 1.0, "elasticity": 0.0, "radius": 0.07999999821186066, "length": 0.2828427255153656, "rgba": [0.4000000059604645, 0.33000001311302185, 0.25999999046325684, 1.0], "name": "Capsule"}], "link 6": [{"link_idx": 6, "transform": {"pos": [-0.20000000298023224, -0.20000000298023224, 0.0], "rot": [0.7071067690849304, -0.5, 0.5, 0.0], "name": "Transform"}, "friction": 1.0, "elasticity": 0.0, "radius": 0.07999999821186066, "length": 0.5656854510307312, "rgba": [0.4000000059604645, 0.33000001311302185, 0.25999999046325684, 1.0], "name": "Capsule"}, {"link_idx": 6, "transform": {"pos": [-0.4000000059604645, -0.4000000059604645, 0.0], "rot": [1.0, 0.0, 0.0, 0.0], "name": "Transform"}, "friction": 1.0, "elasticity": 0.0, "radius": 0.07999999821186066, "rgba": [0.4000000059604645, 0.33000001311302185, 0.25999999046325684, 1.0], "name": "Sphere"}], "aux_4": [{"link_idx": 7, "transform": {"pos": [0.10000000149011612, -0.10000000149011612, 0.0], "rot": [0.7071067690849304, -0.5, -0.5, 0.0], "name": "Transform"}, "friction": 1.0, "elasticity": 0.0, "radius": 0.07999999821186066, "length": 0.2828427255153656, "rgba": [0.4000000059604645, 0.33000001311302185, 0.25999999046325684, 1.0], "name": "Capsule"}], "link 8": [{"link_idx": 8, "transform": {"pos": [0.20000000298023224, -0.20000000298023224, 0.0], "rot": [0.7071067690849304, -0.5, -0.5, 0.0], "name": "Transform"}, "friction": 1.0, "elasticity": 0.0, "radius": 0.07999999821186066, "length": 0.5656854510307312, "rgba": [0.4000000059604645, 0.33000001311302185, 0.25999999046325684, 1.0], "name": "Capsule"}, {"link_idx": 8, "transform": {"pos": [0.4000000059604645, -0.4000000059604645, 0.0], "rot": [1.0, 0.0, 0.0, 0.0], "name": "Transform"}, "friction": 1.0, "elasticity": 0.0, "radius": 0.07999999821186066, "rgba": [0.4000000059604645, 0.33000001311302185, 0.25999999046325684, 1.0], "name": "Sphere"}]}, "actuator": {"ctrl_range": [[-1.0, 1.0], [-1.0, 1.0], [-1.0, 1.0], [-1.0, 1.0], [-1.0, 1.0], [-1.0, 1.0], [-1.0, 1.0], [-1.0, 1.0]], "gear": [200.0, 200.0, 200.0, 200.0, 200.0, 200.0, 200.0, 200.0], "name": "Actuator"}, "init_q": [0.0, 0.0, 0.550000011920929, 1.0, 0.0, 0.0, 0.0, 0.0, 1.0, 0.0, -1.0, 0.0, -1.0, 0.0, 1.0], "solver_params_joint": [0.019999999552965164, 1.0, 0.8999999761581421, 0.949999988079071, 0.0010000000474974513, 0.5, 2.0], "solver_params_contact": [0.019999999552965164, 1.0, 0.8999999761581421, 0.949999988079071, 0.0010000000474974513, 0.5, 2.0], "vel_damping": 0.0, "ang_damping": 0.0, "baumgarte_erp": 0.10000000149011612, "spring_mass_scale": 1.0, "spring_inertia_scale": 1.0, "joint_scale_ang": 0.20000000298023224, "joint_scale_pos": 0.5, "collide_scale": 1.0, "geom_masks": [4294967296, 0, 0, 1], "link_names": ["torso", "aux_1", "", "aux_2", "", "aux_3", "", "aux_4", ""], "link_types": "f11111111", "link_parents": [-1, 0, 1, 0, 3, 0, 5, 0, 7], "actuator_types": "mmmmmmmm", "actuator_link_id": [7, 8, 1, 2, 3, 4, 5, 6], "actuator_qid": [13, 14, 7, 8, 9, 10, 11, 12], "actuator_qdid": [12, 13, 6, 7, 8, 9, 10, 11], "matrix_inv_iterations": 10, "solver_iterations": 4, "solver_maxls": 15, "name": "System", "states": {"x": {"pos": [[[0.02803013287484646, -0.026197170838713646, 0.6366886496543884], [0.20735488831996918, 0.2337643802165985, 0.5838868618011475], [0.38174721598625183, 0.4970046877861023, 0.5308090448379517], [-0.2366880178451538, 0.1532817929983139, 0.6212934851646423], [-0.5022366046905518, 0.33155080676078796, 0.6061438322067261], [-0.15129463374614716, -0.2861587107181549, 0.6894904375076294], [-0.3253554701805115, -0.5496147274971008, 0.7425860166549683], [0.29274827241897583, -0.2056761234998703, 0.6520838141441345], [0.567772388458252, -0.36919525265693665, 0.6642754673957825]]], "rot": [[[0.9919909238815308, -0.07909941673278809, 0.034275855869054794, 0.09231772273778915], [0.9910935759544373, -0.07877867668867111, 0.03500673919916153, 0.1014983132481575], [0.8453352451324463, -0.42244359850883484, 0.318027138710022, 0.07621350884437561], [0.9917736649513245, -0.07901956140995026, 0.03445954620838165, 0.09462233632802963], [0.8739079236984253, -0.3533302843570709, -0.31133949756622314, 0.1204596608877182], [0.9910306930541992, -0.07875702530145645, 0.03505544364452362, 0.10211101919412613], [0.9112712740898132, 0.29614198207855225, -0.26635825634002686, 0.10458508878946304], [0.9887644648551941, -0.07803241908550262, 0.03664006292819977, 0.1221201941370964], [0.8927887678146362, 0.21072903275489807, 0.391666442155838, 0.07154760509729385]]], "name": "Transform"}, "contact": null}};
  </script>

  <body>

    <div id="brax-viewer"></div>

    <script type="module">
      import {Viewer} from 'viewer';
      const domElement = document.getElementById("brax-viewer");
      var viewer = new Viewer(domElement, system);
    </script>

  </body>

</html>